# N or W sidewalk, crosswalk, S or E crosswalk

# appendixc_deis.pdf
# AM peak, NS

184 144 181
157 85 181
109 118 89
203 286 124
238 86 131
48 41 72
238 256 88
239 60 65
206 235 22
542 309 219
352 323 76
90 111 31
208 181 27
277 251 298
911 733 732
1460 1885 967
967 812 1038
239 79 130
119 137 222
222 350 282
282 269 691
691 575 619
1208 646 536
536 329 381
381 112 70
70 143 117
161 174 361
361 274 179
179 447 446
446 351 388
545 498 532
532 481 421
421 129 69
69 74 64
15 246 208
208 163 217
46 26 79
79 65 79

# AM peak, EW

236 264 211
318 350 387
140 122 100
279 717 748
273 247 95
247 249 362
135 320 79
176 1489 779
82 169 30
158 168 126
143 92 6
126 223 351
233 53 24
76 126 283
41 20 28
130 360 671
366 194 245
925 513 335
109 143 129
486 390 441
32 60 30
67 78 65
65 109 57
36 40 25
79 529 158
158 122 225
122 61 233
38 63 122
122 54 42
39 30 62
49 210 258
258 190 209

# MD peak, NS

321 196 148
191 69 142
110 145 133
231 273 125
183 110 113
90 84 90
358 307 135
203 229 94
130 166 76
350 358 148
131 190 45
123 174 78
696 631 400
400 385 565
433 288 377
626 572 504
504 433 603
432 254 374
377 414 538
538 452 377
377 282 417
417 415 381
536 549 759
659 638 627
627 402 416
416 407 350
392 498 622
622 546 347
347 346 331
331 182 153
462 720 919
919 666 363
363 275 285
285 216 243
16 86 132
132 159 107
54 92 208
208 196 187

# MD, EW

225 140 207
488 535 396
153 145 253
499 421 475
178 762 96
322 562 601
140 586 156
365 558 777
59 85 147
172 178 204
85 94 46
1989 153 195
32 61 33
130 169 228
38 26 48
160 227 290
276 258 259
387 273 245
211 208 238
294 267 294
20 23 22
103 154 97
97 82 92
20 28 13
99 191 88
88 66 95
89 77 172
49 63 80
80 70 107
72 72 171
40 95 115
115 106 57
